style::IniColorCB creating new color
style::IniColorCB arleady set
Initial Fit Results:
Amplitude: 632.892 ± 2.75161
Frequency: 0.995976 ± 0.000283814
Phase: -0.00451979 ± 0.00892286
Offset: 1950.73 ± 1.99177
 PARAMETER DEFINITIONS:
    NO.   NAME         VALUE      STEP SIZE      LIMITS
     1 Amplitude    6.32892e+02  6.32892e+01    0.00000e+00  6.32892e+03
     2 Frequency    9.95976e-01  9.95976e-02    1.00000e-01  9.95976e+00
     3 Phase       -4.51979e-03  1.00000e-01   -3.14159e+00  3.14159e+00
     4 Offset       1.95073e+03  1.95073e+02    0.00000e+00  1.95073e+04
     5 Sigma        1.00000e+00  1.00000e-01    1.00000e-01  1.00000e+01
 **********
 **    1 **MIGRAD
 **********
 FIRST CALL TO USER FUNCTION AT NEW START POINT, WITH IFLAG=4.
 START MIGRAD MINIMIZATION.  STRATEGY  1.  CONVERGENCE WHEN EDM .LT. 1.00e-04
 FCN=2.27602e+06 FROM MIGRAD    STATUS=INITIATE       22 CALLS          23 TOTAL
                     EDM= unknown      STRATEGY= 1      NO ERROR MATRIX       
  EXT PARAMETER               CURRENT GUESS       STEP         FIRST   
  NO.   NAME      VALUE            ERROR          SIZE      DERIVATIVE 
   1  Amplitude    6.32892e+02   6.32892e+01   3.33726e-02  -4.93265e+05
   2  Frequency    9.95976e-01   9.95976e-02   3.51958e-02  -1.01815e+06
   3  Phase       -4.51979e-03   1.00000e-01   3.18364e-02  -3.96232e+04
   4  Offset       1.95073e+03   1.95073e+02   3.33726e-02   2.29171e+07
   5  Sigma        1.00000e+00   1.00000e-01   3.51878e-02   2.17375e+07
 MIGRAD MINIMIZATION HAS CONVERGED.
 MIGRAD WILL VERIFY CONVERGENCE AND ERROR MATRIX.
 EIGENVALUES OF SECOND-DERIVATIVE MATRIX:
        -1.1779e-04  1.2734e-01  9.5867e-01  1.8714e+00  2.0427e+00
 MINUIT WARNING IN HESSE   
 ============== MATRIX FORCED POS-DEF BY ADDING 0.002161 TO DIAGONAL.
 FCN=8664.2 FROM MIGRAD    STATUS=CONVERGED     169 CALLS         170 TOTAL
                     EDM=4.56953e-06    STRATEGY= 1      ERR MATRIX NOT POS-DEF
  EXT PARAMETER                APPROXIMATE        STEP         FIRST   
  NO.   NAME      VALUE            ERROR          SIZE      DERIVATIVE 
   1  Amplitude    4.84767e+02   4.94256e+00   5.53468e-05  -2.39885e-01
   2  Frequency    9.95976e-01   2.81483e-04   2.22285e-06  -4.21484e+01
   3  Phase       -4.52312e-03   8.86121e-03   6.31854e-05  -6.24498e-01
   4  Offset       1.22184e+03   1.89590e+01   1.15744e-05  -3.59416e+00
   5  Sigma        6.36928e-01   9.88397e-03   1.30136e-05  -3.41428e+00
 EXTERNAL ERROR MATRIX.    NDIM=  25    NPAR=  5    ERR DEF=1
  2.443e+01  4.643e-05 -1.227e-03  8.517e+01 -4.418e-02 
  4.643e-05  7.923e-08 -2.171e-06  1.558e-06  2.596e-09 
 -1.227e-03 -2.171e-06  7.852e-05 -1.185e-05 -5.195e-08 
  8.517e+01  1.558e-06 -1.185e-05  3.594e+02 -1.870e-01 
 -4.418e-02  2.596e-09 -5.195e-08 -1.870e-01  9.769e-05 
ERR MATRIX NOT POS-DEF
 PARAMETER  CORRELATION COEFFICIENTS  
       NO.  GLOBAL      1      2      3      4      5
        1  0.91029   1.000  0.033 -0.028  0.909 -0.904
        2  0.87081   0.033  1.000 -0.871  0.000  0.001
        3  0.87054  -0.028 -0.871  1.000 -0.000 -0.001
        4  0.99799   0.909  0.000 -0.000  1.000 -0.998
        5  0.99789  -0.904  0.001 -0.001 -0.998  1.000
 ERR MATRIX NOT POS-DEF
////////////////////////////Iteration 1: Chi2 = 8664.2////////////////////////////
Iteration 1 took: 0.953531seconds (real time), 0.94 seconds (CPU time).
//////////////////////////////////////////////////////////////////////////////////
 PARAMETER DEFINITIONS:
    NO.   NAME         VALUE      STEP SIZE      LIMITS
     1 Amplitude    4.84767e+02  4.84767e+01    0.00000e+00  4.84767e+03
     2 Frequency    9.95976e-01  9.95976e-02    1.00000e-01  9.95976e+00
     3 Phase       -4.52312e-03  1.00000e-01   -3.14159e+00  3.14159e+00
     4 Offset       1.22184e+03  1.22184e+02    0.00000e+00  1.22184e+04
     5 Sigma        6.36928e-01  6.36928e-02    1.00000e-01  6.36928e+00
 **********
 **    1 **MIGRAD
 **********
 FIRST CALL TO USER FUNCTION AT NEW START POINT, WITH IFLAG=4.
 START MIGRAD MINIMIZATION.  STRATEGY  1.  CONVERGENCE WHEN EDM .LT. 1.00e-04
 FCN=8664.2 FROM MIGRAD    STATUS=INITIATE       28 CALLS          29 TOTAL
                     EDM= unknown      STRATEGY= 1      NO ERROR MATRIX       
  EXT PARAMETER               CURRENT GUESS       STEP         FIRST   
  NO.   NAME      VALUE            ERROR          SIZE      DERIVATIVE 
   1  Amplitude    4.84767e+02   4.84767e+01   3.33726e-02  -2.04626e-01
   2  Frequency    9.95976e-01   9.95976e-02   3.51958e-02  -4.16604e+01
   3  Phase       -4.52312e-03   1.00000e-01   3.18364e-02  -6.24370e-01
   4  Offset       1.22184e+03   1.22184e+02   3.33726e-02  -2.78451e+00
   5  Sigma        6.36928e-01   6.36928e-02   3.63658e-02  -2.66845e+00
 MIGRAD MINIMIZATION HAS CONVERGED.
 MIGRAD WILL VERIFY CONVERGENCE AND ERROR MATRIX.
 EIGENVALUES OF SECOND-DERIVATIVE MATRIX:
        -1.1705e-04  1.2734e-01  9.5867e-01  1.8714e+00  2.0427e+00
 MINUIT WARNING IN HESSE   
 ============== MATRIX FORCED POS-DEF BY ADDING 0.002160 TO DIAGONAL.
 FCN=8664.2 FROM MIGRAD    STATUS=CONVERGED      71 CALLS          72 TOTAL
                     EDM=2.5102e-06    STRATEGY= 1      ERR MATRIX NOT POS-DEF
  EXT PARAMETER                APPROXIMATE        STEP         FIRST   
  NO.   NAME      VALUE            ERROR          SIZE      DERIVATIVE 
   1  Amplitude    4.84767e+02   4.94255e+00   6.40170e-05  -2.50442e-01
   2  Frequency    9.95976e-01   2.81484e-04   2.22186e-06  -7.91295e+00
   3  Phase       -4.52197e-03   8.86123e-03   6.31571e-05   5.20382e-01
   4  Offset       1.22184e+03   1.89589e+01   1.49237e-05   5.12642e-01
   5  Sigma        6.36928e-01   9.88395e-03   1.66304e-05   3.34581e-01
 EXTERNAL ERROR MATRIX.    NDIM=  25    NPAR=  5    ERR DEF=1
  2.443e+01  4.642e-05 -1.227e-03  8.517e+01 -4.418e-02 
  4.642e-05  7.923e-08 -2.171e-06  1.556e-06  2.597e-09 
 -1.227e-03 -2.171e-06  7.852e-05 -1.179e-05 -5.198e-08 
  8.517e+01  1.556e-06 -1.179e-05  3.594e+02 -1.870e-01 
 -4.418e-02  2.597e-09 -5.198e-08 -1.870e-01  9.769e-05 
ERR MATRIX NOT POS-DEF
 PARAMETER  CORRELATION COEFFICIENTS  
       NO.  GLOBAL      1      2      3      4      5
        1  0.91029   1.000  0.033 -0.028  0.909 -0.904
        2  0.87081   0.033  1.000 -0.871  0.000  0.001
        3  0.87054  -0.028 -0.871  1.000 -0.000 -0.001
        4  0.99799   0.909  0.000 -0.000  1.000 -0.998
        5  0.99789  -0.904  0.001 -0.001 -0.998  1.000
 ERR MATRIX NOT POS-DEF
////////////////////////////Iteration 2: Chi2 = 8664.2////////////////////////////
Iteration 2 took: 0.627533seconds (real time), 0.62 seconds (CPU time).
//////////////////////////////////////////////////////////////////////////////////
 PARAMETER DEFINITIONS:
    NO.   NAME         VALUE      STEP SIZE      LIMITS
     1 Amplitude    4.84767e+02  4.84767e+01    0.00000e+00  4.84767e+03
     2 Frequency    9.95976e-01  9.95976e-02    1.00000e-01  9.95976e+00
     3 Phase       -4.52197e-03  1.00000e-01   -3.14159e+00  3.14159e+00
     4 Offset       1.22184e+03  1.22184e+02    0.00000e+00  1.22184e+04
     5 Sigma        6.36928e-01  6.36928e-02    1.00000e-01  6.36928e+00
 **********
 **    1 **MIGRAD
 **********
 FIRST CALL TO USER FUNCTION AT NEW START POINT, WITH IFLAG=4.
 START MIGRAD MINIMIZATION.  STRATEGY  1.  CONVERGENCE WHEN EDM .LT. 1.00e-04
 FCN=8664.2 FROM MIGRAD    STATUS=INITIATE       28 CALLS          29 TOTAL
                     EDM= unknown      STRATEGY= 1      NO ERROR MATRIX       
  EXT PARAMETER               CURRENT GUESS       STEP         FIRST   
  NO.   NAME      VALUE            ERROR          SIZE      DERIVATIVE 
   1  Amplitude    4.84767e+02   4.84767e+01   3.33726e-02  -2.47798e-01
   2  Frequency    9.95976e-01   9.95976e-02   3.51958e-02  -7.42504e+00
   3  Phase       -4.52197e-03   1.00000e-01   3.18364e-02   5.20510e-01
   4  Offset       1.22184e+03   1.22184e+02   3.33726e-02   5.15378e-01
   5  Sigma        6.36928e-01   6.36928e-02   3.63658e-02   3.37642e-01
 MIGRAD MINIMIZATION HAS CONVERGED.
 MIGRAD WILL VERIFY CONVERGENCE AND ERROR MATRIX.
 EIGENVALUES OF SECOND-DERIVATIVE MATRIX:
        -1.1690e-04  1.2734e-01  9.5867e-01  1.8714e+00  2.0427e+00
 MINUIT WARNING IN HESSE   
 ============== MATRIX FORCED POS-DEF BY ADDING 0.002160 TO DIAGONAL.
 FCN=8664.2 FROM MIGRAD    STATUS=CONVERGED      71 CALLS          72 TOTAL
                     EDM=1.72444e-06    STRATEGY= 1      ERR MATRIX NOT POS-DEF
  EXT PARAMETER                APPROXIMATE        STEP         FIRST   
  NO.   NAME      VALUE            ERROR          SIZE      DERIVATIVE 
   1  Amplitude    4.84768e+02   4.94257e+00   6.40170e-05   3.00511e-01
   2  Frequency    9.95976e-01   2.81484e-04   2.22186e-06  -1.93325e+01
   3  Phase       -4.52513e-03   8.86123e-03   6.31570e-05  -6.36430e-02
   4  Offset       1.22184e+03   1.89589e+01   1.49237e-05  -1.73147e+00
   5  Sigma        6.36928e-01   9.88395e-03   1.66304e-05  -1.42357e+00
 EXTERNAL ERROR MATRIX.    NDIM=  25    NPAR=  5    ERR DEF=1
  2.443e+01  4.642e-05 -1.227e-03  8.517e+01 -4.418e-02 
  4.642e-05  7.923e-08 -2.171e-06  1.555e-06  2.597e-09 
 -1.227e-03 -2.171e-06  7.852e-05 -1.177e-05 -5.199e-08 
  8.517e+01  1.555e-06 -1.177e-05  3.594e+02 -1.870e-01 
 -4.418e-02  2.597e-09 -5.199e-08 -1.870e-01  9.769e-05 
ERR MATRIX NOT POS-DEF
 PARAMETER  CORRELATION COEFFICIENTS  
       NO.  GLOBAL      1      2      3      4      5
        1  0.91029   1.000  0.033 -0.028  0.909 -0.904
        2  0.87081   0.033  1.000 -0.871  0.000  0.001
        3  0.87054  -0.028 -0.871  1.000 -0.000 -0.001
        4  0.99799   0.909  0.000 -0.000  1.000 -0.998
        5  0.99789  -0.904  0.001 -0.001 -0.998  1.000
 ERR MATRIX NOT POS-DEF
////////////////////////////Iteration 3: Chi2 = 8664.2////////////////////////////
Iteration 3 took: 0.597446seconds (real time), 0.59 seconds (CPU time).
//////////////////////////////////////////////////////////////////////////////////
Converged after 3 iterations.
