style::IniColorCB creating new color
style::IniColorCB arleady set
Initial sigma !!!!!!!!!!!!!!!!!!!!!!!!!!!!!!!!!: 4.61682
 PARAMETER DEFINITIONS:
    NO.   NAME         VALUE      STEP SIZE      LIMITS
     1 Amplitude    6.96873e+00  1.00000e+00    1.00000e-01  1.00000e+07
     2 Frequency    9.92984e-01  1.00000e-02    0.00000e+00  1.00000e+04
     3 Phase        4.55510e-02  1.00000e-01    0.00000e+00  1.00000e+03
 MINUIT WARNING IN PARAMETR
 ============== VARIABLE3 BROUGHT BACK INSIDE LIMITS.
     4 Offset       1.84650e+01  1.00000e-01    0.00000e+00  1.00000e+03
     5 Sigma        4.61682e+00  1.00000e-01    0.00000e+00  1.00000e+03
 **********
 **    1 **MIGRAD
 **********
 FIRST CALL TO USER FUNCTION AT NEW START POINT, WITH IFLAG=4.
 START MIGRAD MINIMIZATION.  STRATEGY  1.  CONVERGENCE WHEN EDM .LT. 1.00e-04
 FCN=1.03386e+06 FROM MIGRAD    STATUS=INITIATE       93 CALLS          94 TOTAL
                     EDM= unknown      STRATEGY= 1      NO ERROR MATRIX       
  EXT PARAMETER               CURRENT GUESS       STEP         FIRST   
  NO.   NAME      VALUE            ERROR          SIZE      DERIVATIVE 
   1  Amplitude    2.52539e+05   1.00000e+00   1.78008e-01   3.42482e+03
   2  Frequency    9.92984e-01   1.00000e-02   0.00000e+00  -4.70424e+07
   3  Phase        4.55510e-02   1.00000e-01   0.00000e+00  -6.73092e+04
   4  Offset       1.84650e+01   1.00000e-01   0.00000e+00   1.64873e+07
   5  Sigma        4.61682e+00   1.00000e-01   0.00000e+00   3.30424e+07
 MIGRAD MINIMIZATION HAS CONVERGED.
 MIGRAD WILL VERIFY CONVERGENCE AND ERROR MATRIX.
 COVARIANCE MATRIX CALCULATED SUCCESSFULLY
 FCN=619.441 FROM MIGRAD    STATUS=CONVERGED     483 CALLS         484 TOTAL
                     EDM=1.77954e-06    STRATEGY= 1      ERROR MATRIX ACCURATE 
  EXT PARAMETER                                   STEP         FIRST   
  NO.   NAME      VALUE            ERROR          SIZE      DERIVATIVE 
   1  Amplitude    3.79355e+04   1.12966e+05   2.73512e-05   1.92755e-01
   2  Frequency    9.92983e-01   2.44278e-03   7.39511e-07   2.19953e+01
   3  Phase        6.32874e+00   7.89304e-02   5.93343e-06   4.02091e-01
   4  Offset       1.55407e+00   2.20010e-01   4.80484e-06  -2.59028e+00
   5  Sigma        4.74008e+00   6.69442e-01   1.36487e-06  -5.11558e+00
 EXTERNAL ERROR MATRIX.    NDIM=  25    NPAR=  5    ERR DEF=1
  1.291e+10  3.767e+01  1.070e+03 -2.491e+04  7.604e+04 
  3.767e+01  5.967e-06  1.681e-04 -6.210e-05  1.914e-04 
  1.070e+03  1.681e-04  6.230e-03 -1.777e-03  5.445e-03 
 -2.491e+04 -6.210e-05 -1.777e-03  4.840e-02 -1.469e-01 
  7.604e+04  1.914e-04  5.445e-03 -1.469e-01  4.482e-01 
 PARAMETER  CORRELATION COEFFICIENTS  
       NO.  GLOBAL      1      2      3      4      5
        1  0.99993   1.000  0.136  0.119 -0.997  1.000
        2  0.92017   0.136  1.000  0.872 -0.116  0.117
        3  0.87168   0.119  0.872  1.000 -0.102  0.103
        4  0.99750  -0.997 -0.116 -0.102  1.000 -0.997
        5  0.99993   1.000  0.117  0.103 -0.997  1.000
////////////////////////////Iteration 1: Chi2 = 619.441////////////////////////////
Iteration 1 took: 5.50303seconds (real time), 5.45 seconds (CPU time).
//////////////////////////////////////////////////////////////////////////////////
 PARAMETER DEFINITIONS:
    NO.   NAME         VALUE      STEP SIZE      LIMITS
     1 Amplitude    3.79355e+04  1.00000e+00    1.00000e-01  1.00000e+07
     2 Frequency    9.92983e-01  1.00000e-02    0.00000e+00  1.00000e+04
     3 Phase        6.32874e+00  1.00000e-01    0.00000e+00  1.00000e+03
     4 Offset       1.55407e+00  1.00000e-01    0.00000e+00  1.00000e+03
     5 Sigma        4.74008e+00  1.00000e-01    0.00000e+00  1.00000e+03
 **********
 **    1 **MIGRAD
 **********
 FIRST CALL TO USER FUNCTION AT NEW START POINT, WITH IFLAG=4.
 START MIGRAD MINIMIZATION.  STRATEGY  1.  CONVERGENCE WHEN EDM .LT. 1.00e-04
 FCN=619.441 FROM MIGRAD    STATUS=INITIATE       20 CALLS          21 TOTAL
                     EDM= unknown      STRATEGY= 1      NO ERROR MATRIX       
  EXT PARAMETER               CURRENT GUESS       STEP         FIRST   
  NO.   NAME      VALUE            ERROR          SIZE      DERIVATIVE 
   1  Amplitude    3.79355e+04   1.00000e+00   1.62668e-06   1.92793e-01
   2  Frequency    9.92983e-01   1.00000e-02   1.00359e-04   1.12228e+01
   3  Phase        6.32874e+00   1.00000e-01   1.26105e-03  -4.02367e-01
   4  Offset       1.55407e+00   1.00000e-01   2.53996e-03  -2.58860e+00
   5  Sigma        4.74008e+00   1.00000e-01   1.45601e-03  -5.19313e+00
 MIGRAD MINIMIZATION HAS CONVERGED.
 MIGRAD WILL VERIFY CONVERGENCE AND ERROR MATRIX.
 COVARIANCE MATRIX CALCULATED SUCCESSFULLY
 FCN=619.441 FROM MIGRAD    STATUS=CONVERGED      65 CALLS          66 TOTAL
                     EDM=1.2751e-06    STRATEGY= 1      ERROR MATRIX ACCURATE 
  EXT PARAMETER                                   STEP         FIRST   
  NO.   NAME      VALUE            ERROR          SIZE      DERIVATIVE 
   1  Amplitude    3.79353e+04   1.06320e+05   2.73560e-05  -1.37417e-01
   2  Frequency    9.92983e-01   2.44154e-03   7.39511e-07   7.15917e+01
   3  Phase        6.32874e+00   7.89065e-02   5.93277e-06  -2.90858e-01
   4  Offset       1.55408e+00   2.07005e-01   4.80461e-06  -4.86340e-01
   5  Sigma        4.74008e+00   6.29632e-01   1.36487e-06   2.33067e+00
 EXTERNAL ERROR MATRIX.    NDIM=  25    NPAR=  5    ERR DEF=1
  1.142e+10  3.389e+01 -9.631e+02 -2.204e+04  6.726e+04 
  3.389e+01  5.961e-06 -1.679e-04 -5.477e-05  1.691e-04 
 -9.631e+02 -1.679e-04  6.226e-03  1.569e-03 -4.812e-03 
 -2.204e+04 -5.477e-05  1.569e-03  4.285e-02 -1.299e-01 
  6.726e+04  1.691e-04 -4.812e-03 -1.299e-01  3.964e-01 
 PARAMETER  CORRELATION COEFFICIENTS  
       NO.  GLOBAL      1      2      3      4      5
        1  0.99992   1.000  0.130 -0.114 -0.996  1.000
        2  0.92009   0.130  1.000 -0.872 -0.108  0.110
        3  0.87159  -0.114 -0.872  1.000  0.096 -0.097
        4  0.99717  -0.996 -0.108  0.096  1.000 -0.997
        5  0.99993   1.000  0.110 -0.097 -0.997  1.000
////////////////////////////Iteration 2: Chi2 = 619.441////////////////////////////
Iteration 2 took: 2.03391seconds (real time), 2.03 seconds (CPU time).
//////////////////////////////////////////////////////////////////////////////////
Converged after 2 iterations.
